1 2 6.05734
1 4 3.55978
1 8 2.38183
1 32 1.18789
1 128 0.599439
1 1024 0.201465
2 2 6.05734
2 4 3.55978
2 8 2.31473
2 32 1.15975
2 128 0.592378
2 1024 0.229751
3 2 6.05734
3 4 4.56771
3 8 2.6924
3 32 1.1199
3 128 0.573699
3 1024 0.212073
4 2 6.05734
4 4 3.67304
4 8 2.31473
4 32 1.19136
4 128 0.602322
4 1024 0.211441
5 2 6.05734
5 4 3.55978
5 8 2.38183
5 32 1.12725
5 128 0.629253
5 1024 0.177421
6 2 6.05734
6 4 3.55978
6 8 2.83495
6 32 1.28152
6 128 0.571538
6 1024 0.200476
7 2 6.05734
7 4 3.67304
7 8 2.7215
7 32 1.09
7 128 0.692902
7 1024 0.231226
8 2 6.05734
8 4 3.55978
8 8 2.21025
8 32 1.13818
8 128 0.602322
8 1024 0.211947
9 2 6.05734
9 4 3.55978
9 8 2.31473
9 32 1.25877
9 128 0.595296
9 1024 0.176211
10 2 6.05734
10 4 3.99359
10 8 2.51067
10 32 1.3536
10 128 0.65922
10 1024 0.22399
11 2 6.05734
11 4 4.74367
11 8 2.38183
11 32 1.05536
11 128 0.589866
11 1024 0.179817
12 2 6.05734
12 4 3.55978
12 8 2.34852
12 32 1.28795
12 128 0.586921
12 1024 0.209115
13 2 6.05734
13 4 3.55978
13 8 2.21025
13 32 1.32586
13 128 0.541746
13 1024 0.201085
14 2 6.05734
14 4 3.99359
14 8 2.28043
14 32 1.21538
14 128 0.585232
14 1024 0.185754
15 2 6.05734
15 4 3.55978
15 8 2.4471
15 32 1.12358
15 128 0.633565
15 1024 0.197209
16 2 6.05734
16 4 3.55978
16 8 2.54186
16 32 1.14902
16 128 0.634736
16 1024 0.226231
17 2 6.05734
17 4 3.55978
17 8 2.38183
17 32 1.19482
17 128 0.62253
17 1024 0.200533
18 2 6.05734
18 4 3.55978
18 8 2.21025
18 32 1.24889
18 128 0.576282
18 1024 0.220188
19 2 6.05734
19 4 3.55978
19 8 2.28043
19 32 1.13818
19 128 0.537158
19 1024 0.184806
20 2 6.05734
20 4 3.55978
20 8 2.41469
20 32 1.13455
20 128 0.650146
20 1024 0.190467
21 2 6.05734
21 4 3.55978
21 8 2.4471
21 32 1.1526
21 128 0.576711
21 1024 0.203747
22 2 6.05734
22 4 3.78291
22 8 2.4471
22 32 1.13455
22 128 0.596542
22 1024 0.205688
23 2 6.05734
23 4 3.55978
23 8 2.34852
23 32 1.12725
23 128 0.599026
23 1024 0.217675
24 2 6.05734
24 4 3.88968
24 8 2.7215
24 32 1.13455
24 128 0.595296
24 1024 0.228968
25 2 6.05734
25 4 3.78291
25 8 2.38183
25 32 1.13455
25 128 0.568498
25 1024 0.233381
26 2 6.05734
26 4 3.55978
26 8 2.28043
26 32 1.05144
26 128 0.586499
26 1024 0.196782
27 2 6.05734
27 4 3.78291
27 8 2.38183
27 32 1.26857
27 128 0.605601
27 1024 0.209389
28 2 6.05734
28 4 3.55978
28 8 2.66297
28 32 1.01548
28 128 0.619341
28 1024 0.218673
29 2 6.55838
29 4 3.88968
29 8 2.34852
29 32 1.29434
29 128 0.611296
29 1024 0.213295
30 2 6.05734
30 4 3.67304
30 8 2.63322
30 32 1.23224
30 128 0.573267
30 1024 0.177033
31 2 6.05734
31 4 3.55978
31 8 2.38183
31 32 1.20171
31 128 0.576711
31 1024 0.207961
32 2 6.05734
32 4 3.78291
32 8 2.4471
32 32 1.20514
32 128 0.57413
32 1024 0.185425
