1 2 6.05734
1 4 3.55978
1 8 2.51067
1 32 1.13091
1 128 0.589446
1 1024 0.193137
2 2 6.05734
2 4 3.55978
2 8 2.57267
2 32 1.22552
2 128 0.547201
2 1024 0.202241
3 2 6.05734
3 4 3.67304
3 8 2.38183
3 32 1.29434
3 128 0.491438
3 1024 0.202939
4 2 6.05734
4 4 3.88968
4 8 2.24561
4 32 1.30388
4 128 0.646328
4 1024 0.211676
5 2 6.05734
5 4 4.19371
5 8 2.41469
5 32 1.01954
5 128 0.633174
5 1024 0.201825
6 2 6.05734
6 4 3.55978
6 8 2.47909
6 32 1.18091
6 128 0.643642
6 1024 0.201957
7 2 6.05734
7 4 3.67304
7 8 2.7503
7 32 1.14181
7 128 0.463977
7 1024 0.218078
8 2 6.05734
8 4 3.55978
8 8 2.7215
8 32 1.18091
8 128 0.537158
8 1024 0.205074
9 2 6.05734
9 4 3.78291
9 8 2.86261
9 32 1.25219
9 128 0.585654
9 1024 0.180982
10 2 6.05734
10 4 4.56771
10 8 2.47909
10 32 1.21538
10 128 0.679192
10 1024 0.217534
11 2 6.05734
11 4 3.55978
11 8 2.41469
11 32 1.21197
11 128 0.656209
11 1024 0.190848
12 2 6.05734
12 4 3.55978
12 8 2.47909
12 32 1.1199
12 128 0.599439
12 1024 0.200876
13 2 6.05734
13 4 3.78291
13 8 2.21025
13 32 1.18789
13 128 0.595296
13 1024 0.215735
14 2 6.05734
14 4 3.78291
14 8 2.57267
14 32 1.19482
14 128 0.563249
14 1024 0.195829
15 2 6.05734
15 4 3.67304
15 8 2.57267
15 32 1.19827
15 128 0.571538
15 1024 0.196608
16 2 6.05734
16 4 4.3847
16 8 2.47909
16 32 1.10131
16 128 0.657716
16 1024 0.227847
17 2 6.05734
17 4 3.78291
17 8 2.41469
17 32 1.11621
17 128 0.589866
17 1024 0.195848
18 2 6.05734
18 4 3.55978
18 8 2.57267
18 32 1.17038
18 128 0.639011
18 1024 0.210717
19 2 6.55838
19 4 3.55978
19 8 2.54186
19 32 1.25877
19 128 0.591123
19 1024 0.193651
20 2 6.05734
20 4 3.78291
20 8 3.10045
20 32 1.15975
20 128 0.578853
20 1024 0.220066
21 2 6.05734
21 4 3.55978
21 8 2.41469
21 32 1.1633
21 128 0.481259
21 1024 0.207869
22 2 6.05734
22 4 3.88968
22 8 2.28043
22 32 1.17038
22 128 0.557063
22 1024 0.223153
23 2 6.05734
23 4 3.55978
23 8 2.51067
23 32 1.18789
23 128 0.570671
23 1024 0.235873
24 2 6.05734
24 4 3.55978
24 8 2.38183
24 32 1.25548
24 128 0.538998
24 1024 0.193433
25 2 6.05734
25 4 3.55978
25 8 2.24561
25 32 1.30071
25 128 0.601088
25 1024 0.206597
26 2 6.05734
26 4 3.55978
26 8 2.41469
26 32 1.09755
26 128 0.657716
26 1024 0.207814
27 2 6.05734
27 4 3.78291
27 8 2.41469
27 32 1.1199
27 128 0.664083
27 1024 0.195477
28 2 6.05734
28 4 3.55978
28 8 2.4471
28 32 1.17038
28 128 0.633565
28 1024 0.182747
29 2 6.05734
29 4 3.55978
29 8 2.31473
29 32 1.21197
29 128 0.648622
29 1024 0.226011
30 2 6.05734
30 4 3.55978
30 8 2.54186
30 32 1.01548
30 128 0.498439
30 1024 0.190547
31 2 6.05734
31 4 3.55978
31 8 2.66297
31 32 1.23224
31 128 0.632
31 1024 0.211532
32 2 6.05734
32 4 3.55978
32 8 2.7503
32 32 1.22889
32 128 0.556174
32 1024 0.201957
