1 2 7.02377
1 4 3.55978
1 8 2.6924
1 32 1.26531
1 128 0.630039
1 1024 0.228784
2 2 6.05734
2 4 3.55978
2 8 2.38183
2 32 1.24889
2 128 0.568063
2 1024 0.174621
3 2 6.05734
3 4 3.55978
3 8 2.21025
3 32 1.25219
3 128 0.538538
3 1024 0.188511
4 2 6.05734
4 4 3.78291
4 8 2.31473
4 32 1.21197
4 128 0.538078
4 1024 0.22382
5 2 6.05734
5 4 3.99359
5 8 2.4471
5 32 1.28474
5 128 0.609674
5 1024 0.208255
6 2 6.05734
6 4 3.55978
6 8 2.91714
6 32 1.24558
6 128 0.584385
6 1024 0.199789
7 2 7.46018
7 4 3.67304
7 8 2.31473
7 32 1.37779
7 128 0.533922
7 1024 0.229584
8 2 6.55838
8 4 3.55978
8 8 2.77881
8 32 1.18441
8 128 0.535311
8 1024 0.199636
9 2 6.05734
9 4 5.07732
9 8 2.47909
9 32 1.21538
9 128 0.59363
9 1024 0.180348
10 2 6.05734
10 4 3.55978
10 8 2.31473
10 32 1.12358
10 128 0.530201
10 1024 0.193077
11 2 6.05734
11 4 4.82924
11 8 2.57267
11 32 1.19482
11 128 0.592796
11 1024 0.210844
12 2 6.05734
12 4 3.55978
12 8 2.51067
12 32 1.13455
12 128 0.492444
12 1024 0.205725
13 2 6.05734
13 4 3.78291
13 8 2.28043
13 32 1.24889
13 128 0.653942
13 1024 0.218341
14 2 6.05734
14 4 3.55978
14 8 2.38183
14 32 1.25877
14 128 0.619341
14 1024 0.190988
15 2 6.05734
15 4 3.55978
15 8 2.34852
15 32 1.19136
15 128 0.555283
15 1024 0.199999
16 2 6.05734
16 4 3.55978
16 8 2.54186
16 32 1.17741
16 128 0.472959
16 1024 0.218358
17 2 6.05734
17 4 3.67304
17 8 2.51067
17 32 1.26204
17 128 0.533459
17 1024 0.196413
18 2 6.05734
18 4 3.55978
18 8 2.89
18 32 1.26857
18 128 0.669281
18 1024 0.215788
19 2 6.05734
19 4 3.55978
19 8 2.47909
19 32 1.23224
19 128 0.653942
19 1024 0.197674
20 2 6.05734
20 4 3.67304
20 8 2.31473
20 32 1.19136
20 128 0.61008
20 1024 0.229168
21 2 6.05734
21 4 3.55978
21 8 2.47909
21 32 1.28795
21 128 0.505833
21 1024 0.197848
22 2 6.05734
22 4 3.55978
22 8 2.54186
22 32 1.29115
22 128 0.596542
22 1024 0.200056
23 2 6.55838
23 4 3.55978
23 8 2.4471
23 32 1.12358
23 128 0.560607
23 1024 0.192562
24 2 6.05734
24 4 3.55978
24 8 2.4471
24 32 1.09
24 128 0.626098
24 1024 0.226687
25 2 6.05734
25 4 3.55978
25 8 2.38183
25 32 1.21877
25 128 0.588605
25 1024 0.191408
26 2 6.05734
26 4 3.88968
26 8 2.31473
26 32 1.1125
26 128 0.666687
26 1024 0.216018
27 2 6.05734
27 4 3.55978
27 8 2.31473
27 32 1.19136
27 128 0.585654
27 1024 0.223871
28 2 6.05734
28 4 4.65652
28 8 2.31473
28 32 1.19482
28 128 0.527861
28 1024 0.189078
29 2 6.05734
29 4 3.67304
29 8 2.38183
29 32 1.14181
29 128 0.543115
29 1024 0.212181
30 2 6.05734
30 4 4.91333
30 8 2.63322
30 32 1.15618
30 128 0.672233
30 1024 0.213581
31 2 6.05734
31 4 3.67304
31 8 2.7215
31 32 1.1526
31 128 0.590704
31 1024 0.221451
32 2 6.05734
32 4 3.55978
32 8 2.54186
32 32 1.07858
32 128 0.671496
32 1024 0.223922
