1 2 6.05734
1 4 3.55978
1 8 2.34852
1 32 1.13455
1 128 0.545389
1 1024 0.224144
2 2 6.05734
2 4 3.88968
2 8 2.57267
2 32 1.24558
2 128 0.56719
2 1024 0.204888
3 2 6.05734
3 4 3.78291
3 8 2.54186
3 32 1.23224
3 128 0.609674
3 1024 0.198079
4 2 7.02377
4 4 3.55978
4 8 2.38183
4 32 1.16684
4 128 0.590285
4 1024 0.219562
5 2 6.05734
5 4 3.55978
5 8 2.54186
5 32 1.18789
5 128 0.589866
5 1024 0.219144
6 2 6.05734
6 4 3.67304
6 8 3.0492
6 32 1.20171
6 128 0.606826
6 1024 0.226973
7 2 6.55838
7 4 3.55978
7 8 2.57267
7 32 1.22552
7 128 0.656209
7 1024 0.177529
8 2 6.55838
8 4 3.55978
8 8 2.63322
8 32 1.1526
8 128 0.575852
8 1024 0.188471
9 2 6.05734
9 4 3.88968
9 8 3.32131
9 32 1.14542
9 128 0.655832
9 1024 0.190728
10 2 6.05734
10 4 3.78291
10 8 2.24561
10 32 1.28795
10 128 0.485866
10 1024 0.221019
11 2 6.05734
11 4 3.55978
11 8 2.41469
11 32 1.11621
11 128 0.572403
11 1024 0.212595
12 2 6.05734
12 4 3.55978
12 8 2.34852
12 32 1.21197
12 128 0.623325
12 1024 0.18379
13 2 6.05734
13 4 3.55978
13 8 2.57267
13 32 1.05536
13 128 0.564128
13 1024 0.216089
14 2 6.05734
14 4 3.67304
14 8 2.31473
14 32 1.26531
14 128 0.531134
14 1024 0.202619
15 2 6.05734
15 4 3.55978
15 8 2.51067
15 32 1.16684
15 128 0.624118
15 1024 0.217253
16 2 6.05734
16 4 3.55978
16 8 2.38183
16 32 1.10505
16 128 0.557951
16 1024 0.198272
17 2 6.05734
17 4 3.55978
17 8 2.51067
17 32 1.21538
17 128 0.582689
17 1024 0.190287
18 2 6.05734
18 4 3.55978
18 8 2.41469
18 32 1.18789
18 128 0.53253
18 1024 0.204701
19 2 6.55838
19 4 3.55978
19 8 2.4471
19 32 1.25548
19 128 0.53253
19 1024 0.192065
20 2 6.05734
20 4 3.55978
20 8 2.34852
20 32 1.35665
20 128 0.664456
20 1024 0.20156
21 2 6.05734
21 4 3.99359
21 8 2.34852
21 32 0.999088
21 128 0.622132
21 1024 0.195282
22 2 6.05734
22 4 3.78291
22 8 2.38183
22 32 1.04751
22 128 0.532065
22 1024 0.205186
23 2 6.05734
23 4 3.55978
23 8 2.28043
23 32 1.15618
23 128 0.639011
23 1024 0.219719
24 2 6.05734
24 4 3.67304
24 8 2.77881
24 32 1.26857
24 128 0.632392
24 1024 0.191228
25 2 6.05734
25 4 4.65652
25 8 2.54186
25 32 1.08621
25 128 0.500915
25 1024 0.178752
26 2 6.05734
26 4 3.55978
26 8 2.47909
26 32 1.18441
26 128 0.615734
26 1024 0.224468
27 2 6.05734
27 4 4.09487
27 8 2.41469
27 32 1.29434
27 128 0.568498
27 1024 0.193946
28 2 6.05734
28 4 3.55978
28 8 2.41469
28 32 1.11621
28 128 0.610486
28 1024 0.19748
29 2 7.46018
29 4 3.55978
29 8 2.47909
29 32 1.20514
29 128 0.530201
29 1024 0.208566
30 2 6.05734
30 4 3.55978
30 8 2.7215
30 32 1.10131
30 128 0.639785
30 1024 0.19487
31 2 6.05734
31 4 3.55978
31 8 3.36842
31 32 1.28152
31 128 0.551706
31 1024 0.220049
32 2 6.05734
32 4 3.88968
32 8 2.38183
32 32 1.15618
32 128 0.535774
32 1024 0.209042
