1 2 6.05734
1 4 3.67304
1 8 2.31473
1 32 1.14902
1 128 0.588605
1 1024 0.198619
2 2 6.05734
2 4 3.55978
2 8 2.41469
2 32 1.10878
2 128 0.55928
2 1024 0.205763
3 2 6.05734
3 4 3.55978
3 8 2.41469
3 32 1.20514
3 128 0.571971
3 1024 0.183207
4 2 6.05734
4 4 3.88968
4 8 2.60312
4 32 1.19482
4 128 0.547201
4 1024 0.203653
5 2 6.05734
5 4 3.55978
5 8 2.38183
5 32 1.05927
5 128 0.612105
5 1024 0.211856
6 2 6.05734
6 4 3.99359
6 8 2.4471
6 32 1.25219
6 128 0.560607
6 1024 0.193808
7 2 6.05734
7 4 3.55978
7 8 2.47909
7 32 1.18441
7 128 0.634736
7 1024 0.198137
8 2 6.05734
8 4 3.55978
8 8 2.38183
8 32 1.26531
8 128 0.620938
8 1024 0.213491
9 2 6.05734
9 4 3.67304
9 8 2.4471
9 32 1.35969
9 128 0.603964
9 1024 0.201028
10 2 7.46018
10 4 3.55978
10 8 2.77881
10 32 1.16684
10 128 0.542203
10 1024 0.212792
11 2 13.0166
11 4 3.55978
11 8 2.60312
11 32 1.29115
11 128 0.587764
11 1024 0.21164
12 2 6.05734
12 4 3.55978
12 8 2.4471
12 32 1.25219
12 128 0.580987
12 1024 0.222827
13 2 6.05734
13 4 4.09487
13 8 2.41469
13 32 1.20856
13 128 0.606009
13 1024 0.196569
14 2 6.05734
14 4 3.78291
14 8 2.28043
14 32 1.0824
14 128 0.576711
14 1024 0.188916
15 2 6.05734
15 4 3.55978
15 8 2.21025
15 32 1.31335
15 128 0.594463
15 1024 0.206449
16 2 6.05734
16 4 3.55978
16 8 2.60312
16 32 1.13091
16 128 0.542659
16 1024 0.208016
17 2 6.05734
17 4 3.55978
17 8 2.38183
17 32 1.17741
17 128 0.583961
17 1024 0.215593
18 2 7.02377
18 4 3.55978
18 8 2.41469
18 32 1.1739
18 128 0.531134
18 1024 0.207961
19 2 6.05734
19 4 3.67304
19 8 2.7215
19 32 1.20171
19 128 0.565004
19 1024 0.202562
20 2 6.05734
20 4 3.55978
20 8 2.54186
20 32 1.20856
20 128 0.565442
20 1024 0.239027
21 2 6.05734
21 4 3.55978
21 8 2.47909
21 32 1.24226
21 128 0.532994
21 1024 0.211387
22 2 6.05734
22 4 3.78291
22 8 2.28043
22 32 1.12725
22 128 0.525983
22 1024 0.208053
23 2 6.05734
23 4 4.91333
23 8 2.54186
23 32 1.03162
23 128 0.551706
23 1024 0.208493
24 2 6.05734
24 4 3.67304
24 8 2.24561
24 32 1.25548
24 128 0.610891
24 1024 0.21998
25 2 6.05734
25 4 3.55978
25 8 2.21025
25 32 1.34442
25 128 0.571538
25 1024 0.210971
26 2 6.05734
26 4 3.67304
26 8 2.7215
26 32 1.05536
26 128 0.623722
26 1024 0.188146
27 2 6.05734
27 4 3.55978
27 8 2.51067
27 32 1.07475
27 128 0.586077
27 1024 0.208438
28 2 6.05734
28 4 3.55978
28 8 2.57267
28 32 1.30071
28 128 0.57928
28 1024 0.1928
29 2 6.05734
29 4 3.55978
29 8 3.46072
29 32 1.18789
29 128 0.539457
29 1024 0.234231
30 2 6.05734
30 4 4.09487
30 8 2.57267
30 32 1.0709
30 128 0.560165
30 1024 0.186801
31 2 6.05734
31 4 3.55978
31 8 2.38183
31 32 1.15975
31 128 0.572835
31 1024 0.205074
32 2 6.05734
32 4 3.55978
32 8 2.51067
32 32 1.26531
32 128 0.529734
32 1024 0.201028
