1 2 6.05734
1 4 3.88968
1 8 2.28043
1 32 1.07475
1 128 3.76195
1 1024 0.209444
2 2 6.05734
2 4 3.55978
2 8 2.21025
2 32 1.29115
2 128 0.513602
2 1024 0.195633
3 2 6.05734
3 4 3.67304
3 8 2.4471
3 32 1.1739
3 128 0.559723
3 1024 0.212343
4 2 7.02377
4 4 3.55978
4 8 2.51067
4 32 1.23559
4 128 0.592796
4 1024 0.185754
5 2 6.05734
5 4 3.55978
5 8 2.54186
5 32 1.20514
5 128 0.616537
5 1024 0.194831
6 2 6.05734
6 4 3.67304
6 8 2.31473
6 32 1.47896
6 128 0.596542
6 1024 0.198176
7 2 6.05734
7 4 3.55978
7 8 2.7503
7 32 1.0824
7 128 0.655832
7 1024 0.202203
8 2 6.05734
8 4 3.78291
8 8 2.47909
8 32 1.18091
8 128 0.557063
8 1024 0.179647
9 2 6.05734
9 4 3.67304
9 8 2.41469
9 32 1.11621
9 128 0.576282
9 1024 0.225063
10 2 6.05734
10 4 3.55978
10 8 2.24561
10 32 1.33517
10 128 0.573699
10 1024 0.201749
11 2 6.05734
11 4 3.55978
11 8 2.4471
11 32 1.17741
11 128 0.647094
11 1024 0.192145
12 2 6.05734
12 4 3.55978
12 8 2.34852
12 32 1.14542
12 128 0.619741
12 1024 0.205409
13 2 6.05734
13 4 3.88968
13 8 2.4471
13 32 1.35054
13 128 0.522204
13 1024 0.1928
14 2 6.05734
14 4 3.78291
14 8 2.51067
14 32 1.15975
14 128 0.554837
14 1024 0.217446
15 2 6.05734
15 4 3.55978
15 8 2.34852
15 32 1.22215
15 128 0.574992
15 1024 0.226586
16 2 6.05734
16 4 3.67304
16 8 2.31473
16 32 1.19136
16 128 0.541746
16 1024 0.181594
17 2 6.05734
17 4 3.55978
17 8 2.38183
17 32 1.09755
17 128 0.615332
17 1024 0.217323
18 2 6.05734
18 4 3.67304
18 8 2.21025
18 32 1.13455
18 128 0.545389
18 1024 0.232873
19 2 6.05734
19 4 3.78291
19 8 2.51067
19 32 1.25219
19 128 0.543115
19 1024 0.188329
20 2 6.55838
20 4 3.55978
20 8 2.31473
20 32 1.14542
20 128 0.606418
20 1024 0.192403
21 2 6.05734
21 4 4.19371
21 8 2.51067
21 32 1.15975
21 128 0.557951
21 1024 0.164827
22 2 6.05734
22 4 3.67304
22 8 3.61659
22 32 1.22889
22 128 0.540373
22 1024 0.202694
23 2 6.05734
23 4 3.55978
23 8 2.41469
23 32 1.13818
23 128 0.613317
23 1024 0.19369
24 2 6.05734
24 4 3.67304
24 8 2.38183
24 32 1.15618
24 128 0.539457
24 1024 0.208896
25 2 6.05734
25 4 3.55978
25 8 2.51067
25 32 1.21877
25 128 0.566754
25 1024 0.191228
26 2 6.05734
26 4 3.55978
26 8 2.7215
26 32 1.30071
26 128 0.547201
26 1024 0.224246
27 2 6.05734
27 4 3.78291
27 8 2.47909
27 32 1.0824
27 128 0.56193
27 1024 0.207003
28 2 6.05734
28 4 3.99359
28 8 2.21025
28 32 1.14181
28 128 0.531134
28 1024 0.20643
29 2 6.05734
29 4 3.67304
29 8 2.60312
29 32 1.21538
29 128 0.539457
29 1024 0.22731
30 2 6.05734
30 4 3.78291
30 8 2.31473
30 32 1.25877
30 128 0.618941
30 1024 0.192364
31 2 6.05734
31 4 3.55978
31 8 2.24561
31 32 1.04356
31 128 0.526453
31 1024 0.218795
32 2 6.05734
32 4 3.67304
32 8 2.34852
32 32 1.18441
32 128 0.652806
32 1024 0.235565
