1 2 6.05734
1 4 3.55978
1 8 3.0492
1 32 2.40921
1 128 0.600676
1 1024 0.208731
2 2 6.05734
2 4 3.78291
2 8 2.38183
2 32 1.09379
2 128 0.542659
2 1024 0.245681
3 2 6.05734
3 4 3.55978
3 8 2.60312
3 32 1.26857
3 128 0.608862
3 1024 0.199617
4 2 6.05734
4 4 3.88968
4 8 2.38183
4 32 1.10131
4 128 0.582689
4 1024 0.210009
5 2 6.05734
5 4 3.88968
5 8 2.51067
5 32 1.13091
5 128 0.51312
5 1024 0.212019
6 2 6.05734
6 4 3.55978
6 8 2.28043
6 32 1.25219
6 128 0.626888
6 1024 0.207556
7 2 6.05734
7 4 3.78291
7 8 2.38183
7 32 1.11621
7 128 0.591542
7 1024 0.187821
8 2 6.05734
8 4 3.67304
8 8 2.47909
8 32 1.36575
8 128 0.59363
8 1024 0.196938
9 2 6.55838
9 4 3.55978
9 8 2.31473
9 32 1.10878
9 128 0.630039
9 1024 0.216054
10 2 6.05734
10 4 3.55978
10 8 2.21025
10 32 1.13818
10 128 0.524097
10 1024 0.20472
11 2 6.05734
11 4 3.67304
11 8 2.60312
11 32 1.28152
11 128 0.672601
11 1024 0.221968
12 2 6.05734
12 4 4.3847
12 8 2.38183
12 32 1.15618
12 128 0.553944
12 1024 0.207538
13 2 6.05734
13 4 3.78291
13 8 2.38183
13 32 1.12358
13 128 0.573267
13 1024 0.217429
14 2 6.05734
14 4 3.55978
14 8 2.38183
14 32 1.0709
14 128 0.582689
14 1024 0.183956
15 2 6.05734
15 4 4.74367
15 8 2.21025
15 32 1.17038
15 128 0.575852
15 1024 0.207556
16 2 6.05734
16 4 3.88968
16 8 2.47909
16 32 1.26531
16 128 0.603144
16 1024 0.192463
17 2 6.05734
17 4 3.88968
17 8 2.34852
17 32 1.14181
17 128 0.59196
17 1024 0.191787
18 2 6.05734
18 4 3.88968
18 8 2.24561
18 32 1.23559
18 128 0.618541
18 1024 0.188835
19 2 6.05734
19 4 3.78291
19 8 2.86261
19 32 1.13455
19 128 0.606826
19 1024 0.200095
20 2 6.05734
20 4 3.99359
20 8 2.41469
20 32 1.25219
20 128 0.583538
20 1024 0.190126
21 2 6.05734
21 4 3.55978
21 8 2.41469
21 32 1.18789
21 128 0.535774
21 1024 0.184847
22 2 6.05734
22 4 3.88968
22 8 2.31473
22 32 1.08621
22 128 0.66072
22 1024 0.211423
23 2 6.05734
23 4 3.55978
23 8 2.4471
23 32 1.15618
23 128 0.55305
23 1024 0.190868
24 2 6.05734
24 4 3.88968
24 8 2.51067
24 32 1.25548
24 128 0.57714
24 1024 0.219493
25 2 6.05734
25 4 3.55978
25 8 2.41469
25 32 1.14902
25 128 0.522678
25 1024 0.202071
26 2 6.05734
26 4 3.55978
26 8 2.54186
26 32 1.1739
26 128 0.589446
26 1024 0.230548
27 2 6.05734
27 4 4.19371
27 8 2.38183
27 32 1.14181
27 128 0.56237
27 1024 0.249906
28 2 6.05734
28 4 5.15736
28 8 2.24561
28 32 1.14181
28 128 0.57928
28 1024 0.207317
29 2 6.05734
29 4 3.88968
29 8 2.4471
29 32 1.12725
29 128 0.607641
29 1024 0.216283
30 2 6.05734
30 4 3.55978
30 8 2.28043
30 32 1.23224
30 128 0.662217
30 1024 0.196957
31 2 6.05734
31 4 3.55978
31 8 2.38183
31 32 1.29753
31 128 0.56588
31 1024 0.216566
32 2 6.05734
32 4 3.55978
32 8 2.51067
32 32 1.1633
32 128 0.558838
32 1024 0.228767
