1 2 6.05734
1 4 17.885
1 8 2.54186
1 32 1.03162
1 128 0.59488
1 1024 0.215593
2 2 6.55838
2 4 3.67304
2 8 2.60312
2 32 1.07858
2 128 0.571538
2 1024 0.194301
3 2 6.05734
3 4 3.55978
3 8 2.31473
3 32 1.1199
3 128 0.571538
3 1024 0.187597
4 2 6.05734
4 4 3.55978
4 8 2.31473
4 32 1.29434
4 128 0.634736
4 1024 0.192582
5 2 6.05734
5 4 3.55978
5 8 2.60312
5 32 1.28474
5 128 0.573267
5 1024 0.211532
6 2 6.05734
6 4 3.55978
6 8 2.51067
6 32 1.19136
6 128 0.612913
6 1024 0.2157
7 2 6.05734
7 4 3.67304
7 8 2.24561
7 32 1.38675
7 128 0.564566
7 1024 0.208291
8 2 6.05734
8 4 3.55978
8 8 2.38183
8 32 1.1526
8 128 0.560165
8 1024 0.218533
9 2 6.05734
9 4 3.55978
9 8 2.57267
9 32 1.26531
9 128 0.623325
9 1024 0.196646
10 2 6.05734
10 4 3.55978
10 8 2.24561
10 32 1.03562
10 128 0.69611
10 1024 0.175058
11 2 6.05734
11 4 3.55978
11 8 2.66297
11 32 1.11621
11 128 0.613721
11 1024 0.208548
12 2 6.05734
12 4 3.55978
12 8 2.34852
12 32 1.09755
12 128 0.563689
12 1024 0.188916
13 2 6.05734
13 4 3.55978
13 8 2.47909
13 32 1.21197
13 128 0.542203
13 1024 0.194301
14 2 6.05734
14 4 3.55978
14 8 2.47909
14 32 1.13818
14 128 0.575852
14 1024 0.196296
15 2 6.05734
15 4 3.67304
15 8 2.41469
15 32 1.10505
15 128 0.57928
15 1024 0.23068
16 2 6.05734
16 4 3.55978
16 8 2.41469
16 32 1.19136
16 128 0.584809
16 1024 0.206356
17 2 6.05734
17 4 3.67304
17 8 2.66297
17 32 1.43359
17 128 0.69753
17 1024 0.207003
18 2 6.05734
18 4 3.67304
18 8 2.34852
18 32 1.28795
18 128 0.610891
18 1024 0.213545
19 2 6.05734
19 4 3.78291
19 8 2.60312
19 32 1.1633
19 128 0.607641
19 1024 0.214652
20 2 6.05734
20 4 3.55978
20 8 2.57267
20 32 1.33517
20 128 0.574561
20 1024 0.213348
21 2 6.05734
21 4 3.55978
21 8 2.31473
21 32 1.28152
21 128 0.573699
21 1024 0.213366
22 2 6.05734
22 4 3.67304
22 8 2.24561
22 32 1.09379
22 128 0.532994
22 1024 0.182705
23 2 6.05734
23 4 3.55978
23 8 2.38183
23 32 1.03562
23 128 0.563689
23 1024 0.242377
24 2 6.05734
24 4 3.55978
24 8 2.41469
24 32 1.10878
24 128 0.557507
24 1024 0.208694
25 2 6.05734
25 4 3.88968
25 8 2.4471
25 32 1.13091
25 128 0.545389
25 1024 0.231623
26 2 6.05734
26 4 3.55978
26 8 2.47909
26 32 1.23893
26 128 0.680285
26 1024 0.218551
27 2 6.05734
27 4 3.55978
27 8 2.47909
27 32 1.09
27 128 0.517443
27 1024 0.200876
28 2 6.05734
28 4 3.55978
28 8 2.60312
28 32 1.13818
28 128 0.551257
28 1024 0.210663
29 2 6.05734
29 4 3.99359
29 8 2.54186
29 32 1.11621
29 128 0.512637
29 1024 0.162115
30 2 6.05734
30 4 3.67304
30 8 2.41469
30 32 1.31962
30 128 0.525983
30 1024 0.223084
31 2 6.05734
31 4 3.55978
31 8 2.38183
31 32 1.05144
31 128 0.624911
31 1024 0.206282
32 2 6.55838
32 4 3.55978
32 8 2.24561
32 32 1.1526
32 128 0.520305
32 1024 0.213133
