1 2 6.55838
1 4 3.78291
1 8 2.77881
1 32 1.14181
1 128 0.644411
1 1024 0.207335
2 2 7.46018
2 4 3.55978
2 8 2.51067
2 32 1.03959
2 128 0.600264
2 1024 0.228266
3 2 6.05734
3 4 3.55978
3 8 2.41469
3 32 1.19482
3 128 0.558838
3 1024 0.227696
4 2 6.05734
4 4 3.78291
4 8 2.31473
4 32 1.26531
4 128 0.594463
4 1024 0.183998
5 2 6.05734
5 4 3.78291
5 8 3.17578
5 32 1.38078
5 128 0.577997
5 1024 0.208877
6 2 6.05734
6 4 3.55978
6 8 2.38183
6 32 1.17741
6 128 0.577997
6 1024 0.193828
7 2 6.05734
7 4 3.55978
7 8 2.31473
7 32 1.14181
7 128 0.576711
7 1024 0.209936
8 2 6.05734
8 4 3.67304
8 8 2.21025
8 32 1.15975
8 128 0.563249
8 1024 0.222329
9 2 6.05734
9 4 3.78291
9 8 2.41469
9 32 1.19827
9 128 0.56237
9 1024 0.231936
10 2 6.05734
10 4 3.67304
10 8 2.31473
10 32 1.45929
10 128 0.606009
10 1024 0.194084
11 2 7.02377
11 4 3.88968
11 8 2.31473
11 32 1.1526
11 128 0.569803
11 1024 0.200247
12 2 6.05734
12 4 3.67304
12 8 2.54186
12 32 1.24889
12 128 0.565442
12 1024 0.176514
13 2 6.05734
13 4 4.82924
13 8 2.51067
13 32 1.01548
13 128 0.547201
13 1024 0.232775
14 2 6.05734
14 4 3.55978
14 8 2.21025
14 32 1.1739
14 128 0.610891
14 1024 0.205316
15 2 6.05734
15 4 3.55978
15 8 2.31473
15 32 1.13091
15 128 0.575852
15 1024 0.189078
16 2 6.05734
16 4 3.67304
16 8 2.66297
16 32 1.28795
16 128 0.532994
16 1024 0.198118
17 2 6.05734
17 4 3.55978
17 8 2.57267
17 32 1.22215
17 128 0.650907
17 1024 0.189643
18 2 6.05734
18 4 3.55978
18 8 2.34852
18 32 1.5841
18 128 0.582264
18 1024 0.202071
19 2 6.05734
19 4 3.55978
19 8 2.38183
19 32 1.09
19 128 0.576711
19 1024 0.188531
20 2 6.05734
20 4 3.55978
20 8 2.31473
20 32 1.09379
20 128 0.576282
20 1024 0.205391
21 2 6.05734
21 4 3.55978
21 8 2.66297
21 32 1.26531
21 128 0.59363
21 1024 0.230017
22 2 6.05734
22 4 3.55978
22 8 2.31473
22 32 1.13091
22 128 0.598199
22 1024 0.214705
23 2 6.05734
23 4 3.99359
23 8 2.38183
23 32 1.15618
23 128 0.662964
23 1024 0.198926
24 2 6.05734
24 4 4.29027
24 8 2.77881
24 32 1.15975
24 128 0.59363
24 1024 0.224825
25 2 6.05734
25 4 3.55978
25 8 2.21025
25 32 1.15975
25 128 0.522678
25 1024 0.240239
26 2 6.05734
26 4 3.88968
26 8 2.38183
26 32 1.12725
26 128 0.616537
26 1024 0.190908
27 2 6.55838
27 4 3.67304
27 8 2.4471
27 32 1.17741
27 128 0.631216
27 1024 0.202279
28 2 6.05734
28 4 3.55978
28 8 2.63322
28 32 1.15975
28 128 0.661095
28 1024 0.22269
29 2 6.05734
29 4 3.55978
29 8 2.34852
29 32 1.24226
29 128 0.591123
29 1024 0.18635
30 2 6.05734
30 4 3.67304
30 8 2.24561
30 32 1.23224
30 128 0.605192
30 1024 0.221106
31 2 6.05734
31 4 3.55978
31 8 2.54186
31 32 1.24226
31 128 0.571538
31 1024 0.205985
32 2 6.05734
32 4 3.55978
32 8 3.02325
32 32 1.11621
32 128 0.588605
32 1024 0.214687
