1 2 6.05734
1 4 3.78291
1 8 2.83495
1 32 1.21197
1 128 0.571104
1 1024 0.223307
2 2 6.05734
2 4 3.55978
2 8 2.21025
2 32 1.10131
2 128 0.605192
2 1024 0.174095
3 2 6.05734
3 4 3.99359
3 8 2.31473
3 32 1.19827
3 128 0.55305
3 1024 0.218621
4 2 6.05734
4 4 3.67304
4 8 2.4471
4 32 1.1633
4 128 0.50681
4 1024 0.182014
5 2 6.05734
5 4 3.55978
5 8 2.57267
5 32 1.21197
5 128 0.565442
5 1024 0.205093
6 2 6.05734
6 4 3.78291
6 8 2.4471
6 32 1.10878
6 128 0.634346
6 1024 0.208804
7 2 6.05734
7 4 3.55978
7 8 2.21025
7 32 1.20171
7 128 0.547653
7 1024 0.178901
8 2 6.05734
8 4 3.55978
8 8 2.4471
8 32 1.15618
8 128 0.584385
8 1024 0.22024
9 2 6.05734
9 4 3.55978
9 8 2.54186
9 32 1.29115
9 128 0.606009
9 1024 0.202373
10 2 6.05734
10 4 3.78291
10 8 2.34852
10 32 1.20856
10 128 0.610891
10 1024 0.228784
11 2 7.02377
11 4 3.99359
11 8 2.6924
11 32 1.13091
11 128 0.551706
11 1024 0.225859
12 2 6.05734
12 4 3.55978
12 8 2.28043
12 32 1.1526
12 128 0.592378
12 1024 0.223153
13 2 6.55838
13 4 3.55978
13 8 2.54186
13 32 1.08621
13 128 0.660345
13 1024 0.244668
14 2 6.05734
14 4 4.09487
14 8 2.47909
14 32 1.19136
14 128 0.566317
14 1024 0.193887
15 2 6.05734
15 4 3.55978
15 8 2.7503
15 32 1.22889
15 128 0.624911
15 1024 0.214402
16 2 6.05734
16 4 3.55978
16 8 2.34852
16 32 1.36575
16 128 0.537618
16 1024 0.205911
17 2 6.05734
17 4 3.55978
17 8 2.41469
17 32 1.39269
17 128 0.573267
17 1024 0.198465
18 2 6.05734
18 4 3.55978
18 8 2.99707
18 32 1.07858
18 128 0.502396
18 1024 0.20339
19 2 6.05734
19 4 3.55978
19 8 2.4471
19 32 1.22215
19 128 0.550358
19 1024 0.216389
20 2 6.05734
20 4 3.67304
20 8 2.34852
20 32 1.12358
20 128 0.603144
20 1024 0.204066
21 2 6.05734
21 4 3.55978
21 8 2.47909
21 32 1.28152
21 128 0.547653
21 1024 0.224825
22 2 6.05734
22 4 3.55978
22 8 2.4471
22 32 1.2783
22 128 0.537618
22 1024 0.177076
23 2 6.05734
23 4 3.99359
23 8 2.34852
23 32 1.18091
23 128 0.672233
23 1024 0.215256
24 2 6.05734
24 4 3.55978
24 8 2.31473
24 32 1.20171
24 128 0.629646
24 1024 0.188227
25 2 6.05734
25 4 3.55978
25 8 2.47909
25 32 1.07475
25 128 0.649766
25 1024 0.199521
26 2 6.05734
26 4 3.55978
26 8 2.34852
26 32 1.25877
26 128 0.505343
26 1024 0.216548
27 2 6.05734
27 4 3.55978
27 8 2.24561
27 32 1.10131
27 128 0.555729
27 1024 0.22329
28 2 7.02377
28 4 3.55978
28 8 2.34852
28 32 1.13455
28 128 0.568498
28 1024 0.223752
29 2 6.05734
29 4 3.55978
29 8 2.57267
29 32 1.1739
29 128 0.535311
29 1024 0.201711
30 2 6.05734
30 4 3.88968
30 8 2.6924
30 32 1.28795
30 128 0.571104
30 1024 0.205985
31 2 6.05734
31 4 3.88968
31 8 2.54186
31 32 1.19136
31 128 0.569803
31 1024 0.219841
32 2 6.05734
32 4 3.55978
32 8 2.41469
32 32 1.10505
32 128 0.643642
32 1024 0.211766
