1 2 6.05734
1 4 3.55978
1 8 2.51067
1 32 1.1125
1 128 1.33955
1 1024 0.217973
2 2 6.05734
2 4 3.99359
2 8 2.47909
2 32 1.19136
2 128 0.578853
2 1024 0.238579
3 2 6.05734
3 4 3.67304
3 8 2.41469
3 32 1.21538
3 128 0.597371
3 1024 0.216742
4 2 6.05734
4 4 3.55978
4 8 2.41469
4 32 1.17038
4 128 0.584809
4 1024 0.199272
5 2 6.05734
5 4 3.99359
5 8 2.47909
5 32 1.21877
5 128 0.56193
5 1024 0.190948
6 2 6.05734
6 4 3.55978
6 8 2.63322
6 32 1.10131
6 128 0.567627
6 1024 0.221537
7 2 6.05734
7 4 3.67304
7 8 2.31473
7 32 1.1125
7 128 0.563689
7 1024 0.227175
8 2 6.05734
8 4 3.55978
8 8 2.6924
8 32 1.1526
8 128 0.600264
8 1024 0.185425
9 2 6.05734
9 4 4.19371
9 8 2.34852
9 32 1.20514
9 128 0.631608
9 1024 0.214438
10 2 7.46018
10 4 3.55978
10 8 2.54186
10 32 1.22215
10 128 0.557951
10 1024 0.219109
11 2 6.05734
11 4 4.09487
11 8 2.47909
11 32 1.13818
11 128 0.574992
11 1024 0.18928
12 2 6.05734
12 4 3.55978
12 8 2.94402
12 32 1.1125
12 128 0.589446
12 1024 0.190928
13 2 6.05734
13 4 3.67304
13 8 2.57267
13 32 1.24226
13 128 0.590704
13 1024 0.218358
14 2 6.05734
14 4 3.88968
14 8 2.60312
14 32 1.10878
14 128 0.544025
14 1024 0.20979
15 2 6.05734
15 4 3.78291
15 8 2.57267
15 32 1.26204
15 128 0.547201
15 1024 0.188369
16 2 6.05734
16 4 3.67304
16 8 2.34852
16 32 1.1739
16 128 0.618541
16 1024 0.196977
17 2 7.02377
17 4 3.67304
17 8 2.28043
17 32 1.20514
17 128 0.714706
17 1024 0.207003
18 2 6.05734
18 4 3.55978
18 8 2.38183
18 32 1.2783
18 128 0.554391
18 1024 0.191448
19 2 6.05734
19 4 3.55978
19 8 2.51067
19 32 1.30388
19 128 0.548105
19 1024 0.199157
20 2 6.05734
20 4 4.09487
20 8 2.21025
20 32 1.12725
20 128 0.642102
20 1024 0.190948
21 2 6.05734
21 4 3.67304
21 8 2.34852
21 32 1.26204
21 128 0.651288
21 1024 0.237439
22 2 6.05734
22 4 3.88968
22 8 2.66297
22 32 1.14902
22 128 0.542203
22 1024 0.2058
23 2 6.05734
23 4 3.99359
23 8 2.28043
23 32 1.13455
23 128 0.583538
23 1024 0.207446
24 2 6.05734
24 4 3.55978
24 8 2.24561
24 32 1.14542
24 128 0.578853
24 1024 0.186494
25 2 6.05734
25 4 3.67304
25 8 2.60312
25 32 1.25219
25 128 0.557951
25 1024 0.206707
26 2 6.05734
26 4 3.55978
26 8 2.34852
26 32 1.16684
26 128 0.6678
26 1024 0.233692
27 2 6.05734
27 4 3.55978
27 8 2.57267
27 32 1.1199
27 128 0.702833
27 1024 0.212918
28 2 6.05734
28 4 4.19371
28 8 2.63322
28 32 1.23893
28 128 0.519353
28 1024 0.208639
29 2 6.05734
29 4 3.78291
29 8 2.57267
29 32 1.30388
29 128 0.626888
29 1024 0.201503
30 2 6.05734
30 4 3.55978
30 8 2.57267
30 32 1.29115
30 128 0.636682
30 1024 0.199827
31 2 6.05734
31 4 3.67304
31 8 2.31473
31 32 1.19827
31 128 0.553497
31 1024 0.198619
32 2 6.05734
32 4 3.55978
32 8 2.31473
32 32 1.22889
32 128 0.540373
32 1024 0.201313
