1 2 6.05734
1 4 3.55978
1 8 2.34852
1 32 1.18789
1 128 0.563689
1 1024 0.215274
2 2 6.05734
2 4 4.09487
2 8 3.55063
2 32 1.1739
2 128 0.658093
2 1024 0.196666
3 2 6.05734
3 4 3.67304
3 8 7.21136
3 32 1.1739
3 128 0.590285
3 1024 0.209005
4 2 6.05734
4 4 3.55978
4 8 2.47909
4 32 1.22215
4 128 0.603554
4 1024 0.224808
5 2 6.05734
5 4 3.99359
5 8 2.38183
5 32 1.23559
5 128 0.598199
5 1024 0.204253
6 2 6.05734
6 4 4.09487
6 8 2.34852
6 32 1.13455
6 128 0.520781
6 1024 0.190788
7 2 6.05734
7 4 3.55978
7 8 2.7215
7 32 1.14542
7 128 0.626098
7 1024 0.196938
8 2 6.05734
8 4 3.78291
8 8 2.24561
8 32 1.08621
8 128 0.603144
8 1024 0.205316
9 2 6.05734
9 4 3.55978
9 8 2.47909
9 32 1.29115
9 128 0.606418
9 1024 0.204421
10 2 6.05734
10 4 3.88968
10 8 2.31473
10 32 1.37779
10 128 0.563689
10 1024 0.236262
11 2 6.05734
11 4 3.55978
11 8 2.54186
11 32 1.19136
11 128 0.65922
11 1024 0.213241
12 2 6.05734
12 4 3.55978
12 8 2.4471
12 32 1.31649
12 128 0.525041
12 1024 0.218586
13 2 6.55838
13 4 3.55978
13 8 2.31473
13 32 1.26531
13 128 0.544935
13 1024 0.181299
14 2 6.05734
14 4 3.67304
14 8 2.41469
14 32 1.17038
14 128 0.555283
14 1024 0.216795
15 2 6.05734
15 4 3.88968
15 8 2.47909
15 32 1.13091
15 128 0.598199
15 1024 0.221641
16 2 6.05734
16 4 3.78291
16 8 2.38183
16 32 1.05536
16 128 0.655077
16 1024 0.207593
17 2 6.05734
17 4 4.29027
17 8 2.34852
17 32 1.26531
17 128 0.573267
17 1024 0.204832
18 2 6.05734
18 4 3.55978
18 8 2.41469
18 32 1.16684
18 128 0.569368
18 1024 0.186596
19 2 6.05734
19 4 3.55978
19 8 2.34852
19 32 1.18441
19 128 0.632
19 1024 0.210209
20 2 6.05734
20 4 3.78291
20 8 2.31473
20 32 1.13455
20 128 0.629253
20 1024 0.216107
21 2 6.05734
21 4 3.78291
21 8 2.7503
21 32 1.1199
21 128 0.578853
21 1024 0.216866
22 2 6.05734
22 4 3.55978
22 8 2.4471
22 32 1.19827
22 128 0.561048
22 1024 0.203484
23 2 6.05734
23 4 3.55978
23 8 2.51067
23 32 1.13818
23 128 0.622132
23 1024 0.208694
24 2 6.05734
24 4 3.55978
24 8 2.60312
24 32 1.10131
24 128 0.665944
24 1024 0.190467
25 2 6.05734
25 4 3.55978
25 8 2.4471
25 32 1.17038
25 128 0.579708
25 1024 0.206929
26 2 6.05734
26 4 3.55978
26 8 2.89
26 32 1.0824
26 128 0.659595
26 1024 0.21333
27 2 7.46018
27 4 3.78291
27 8 2.89
27 32 1.13818
27 128 0.568498
27 1024 0.199291
28 2 6.05734
28 4 3.88968
28 8 2.86261
28 32 1.20514
28 128 0.547653
28 1024 0.198214
29 2 6.05734
29 4 3.67304
29 8 2.38183
29 32 1.29115
29 128 0.478163
29 1024 0.195458
30 2 6.05734
30 4 3.55978
30 8 2.63322
30 32 1.1526
30 128 0.568498
30 1024 0.203372
31 2 6.05734
31 4 3.78291
31 8 2.4471
31 32 1.18789
31 128 0.540831
31 1024 0.219997
32 2 6.05734
32 4 3.88968
32 8 2.24561
32 32 1.18789
32 128 0.601911
32 1024 0.188855
