1 2 6.05734
1 4 3.55978
1 8 2.57267
1 32 1.62018
1 128 0.493949
1 1024 0.219788
2 2 17.743
2 4 3.55978
2 8 2.57267
2 32 1.14902
2 128 0.626493
2 1024 0.214936
3 2 6.05734
3 4 3.55978
3 8 2.31473
3 32 1.24889
3 128 0.560607
3 1024 0.220881
4 2 6.05734
4 4 3.55978
4 8 2.47909
4 32 1.26531
4 128 0.557507
4 1024 0.243462
5 2 6.05734
5 4 3.78291
5 8 2.38183
5 32 1.39269
5 128 0.580987
5 1024 0.216177
6 2 6.05734
6 4 3.55978
6 8 2.21025
6 32 1.28152
6 128 0.56588
6 1024 0.205242
7 2 6.05734
7 4 3.55978
7 8 2.28043
7 32 1.12358
7 128 0.578853
7 1024 0.197345
8 2 6.05734
8 4 4.3847
8 8 2.47909
8 32 1.23224
8 128 0.59363
8 1024 0.191408
9 2 6.05734
9 4 3.67304
9 8 2.31473
9 32 1.11621
9 128 0.539457
9 1024 0.208841
10 2 6.05734
10 4 4.19371
10 8 2.4471
10 32 1.29115
10 128 0.570671
10 1024 0.191966
11 2 7.46018
11 4 4.09487
11 8 2.24561
11 32 1.28795
11 128 0.534386
11 1024 0.195223
12 2 6.05734
12 4 3.55978
12 8 2.54186
12 32 1.06316
12 128 0.531134
12 1024 0.204514
13 2 7.02377
13 4 3.55978
13 8 2.80702
13 32 1.27182
13 128 0.583961
13 1024 0.217903
14 2 6.05734
14 4 3.78291
14 8 2.31473
14 32 1.14542
14 128 0.572835
14 1024 0.232282
15 2 6.05734
15 4 3.99359
15 8 2.28043
15 32 1.24889
15 128 0.532065
15 1024 0.190688
16 2 6.05734
16 4 3.55978
16 8 2.60312
16 32 1.32274
16 128 0.553944
16 1024 0.202505
17 2 6.05734
17 4 3.88968
17 8 2.51067
17 32 1.17741
17 128 0.585232
17 1024 0.212163
18 2 6.05734
18 4 3.55978
18 8 2.38183
18 32 1.15975
18 128 0.57928
18 1024 0.199904
19 2 6.05734
19 4 3.55978
19 8 2.57267
19 32 1.31649
19 128 0.629646
19 1024 0.21616
20 2 6.05734
20 4 3.78291
20 8 2.51067
20 32 1.05927
20 128 0.596542
20 1024 0.203108
21 2 7.02377
21 4 3.55978
21 8 2.51067
21 32 1.17741
21 128 0.649766
21 1024 0.20959
22 2 6.05734
22 4 3.99359
22 8 2.28043
22 32 1.19827
22 128 0.670758
22 1024 0.209261
23 2 6.05734
23 4 3.88968
23 8 2.31473
23 32 1.0824
23 128 0.664456
23 1024 0.202864
24 2 6.55838
24 4 3.55978
24 8 2.31473
24 32 1.23893
24 128 0.572835
24 1024 0.20226
25 2 6.05734
25 4 4.09487
25 8 2.47909
25 32 1.1125
25 128 0.517443
25 1024 0.230929
26 2 6.05734
26 4 3.78291
26 8 2.80702
26 32 1.10131
26 128 0.590704
26 1024 0.212361
27 2 6.05734
27 4 3.88968
27 8 2.24561
27 32 1.14542
27 128 0.632
27 1024 0.201332
28 2 6.05734
28 4 3.99359
28 8 2.38183
28 32 1.16684
28 128 0.628072
28 1024 0.228784
29 2 6.05734
29 4 3.67304
29 8 2.4471
29 32 1.12358
29 128 0.539915
29 1024 0.196296
30 2 6.05734
30 4 3.55978
30 8 2.4471
30 32 1.1125
30 128 0.555283
30 1024 0.198984
31 2 6.05734
31 4 3.78291
31 8 2.34852
31 32 1.07475
31 128 0.613721
31 1024 0.208346
32 2 6.05734
32 4 4.09487
32 8 2.38183
32 32 1.17038
32 128 0.653185
32 1024 0.221986
