1 2 6.05734
1 4 3.55978
1 8 2.38183
1 32 1.0824
1 128 0.632392
1 1024 0.195105
2 2 6.05734
2 4 3.55978
2 8 2.28043
2 32 1.21197
2 128 0.536235
2 1024 0.207906
3 2 6.05734
3 4 3.55978
3 8 2.34852
3 32 1.10505
3 128 0.560165
3 1024 0.205018
4 2 6.05734
4 4 3.55978
4 8 2.21025
4 32 1.15975
4 128 0.632783
4 1024 0.198272
5 2 6.05734
5 4 3.55978
5 8 2.6924
5 32 1.19827
5 128 0.61008
5 1024 0.189764
6 2 6.05734
6 4 3.55978
6 8 2.66297
6 32 1.24558
6 128 0.56281
6 1024 0.171463
7 2 6.05734
7 4 3.78291
7 8 2.4471
7 32 1.26531
7 128 0.510217
7 1024 0.225385
8 2 7.02377
8 4 3.55978
8 8 2.51067
8 32 1.18441
8 128 0.59363
8 1024 0.201825
9 2 6.05734
9 4 3.67304
9 8 2.54186
9 32 1.31335
9 128 0.539457
9 1024 0.190206
10 2 6.05734
10 4 3.55978
10 8 2.54186
10 32 1.10131
10 128 0.538078
10 1024 0.179583
11 2 6.05734
11 4 3.55978
11 8 2.4471
11 32 1.19827
11 128 0.526923
11 1024 0.209517
12 2 6.05734
12 4 3.55978
12 8 2.51067
12 32 1.14542
12 128 0.600676
12 1024 0.19616
13 2 6.05734
13 4 3.88968
13 8 2.51067
13 32 1.18441
13 128 0.644795
13 1024 0.205112
14 2 6.05734
14 4 3.55978
14 8 2.63322
14 32 1.21877
14 128 0.596542
14 1024 0.21623
15 2 6.05734
15 4 3.55978
15 8 2.31473
15 32 1.04356
15 128 0.681376
15 1024 0.209881
16 2 6.05734
16 4 3.55978
16 8 2.4471
16 32 1.22889
16 128 0.540831
16 1024 0.210935
17 2 6.05734
17 4 3.55978
17 8 2.31473
17 32 1.14902
17 128 0.575852
17 1024 0.22428
18 2 6.05734
18 4 3.78291
18 8 2.54186
18 32 1.25877
18 128 0.620539
18 1024 0.221002
19 2 6.05734
19 4 3.55978
19 8 2.63322
19 32 1.13091
19 128 0.643642
19 1024 0.22855
20 2 6.05734
20 4 3.55978
20 8 2.38183
20 32 1.25877
20 128 0.571538
20 1024 0.219997
21 2 6.05734
21 4 3.55978
21 8 2.63322
21 32 1.11621
21 128 0.564566
21 1024 0.194419
22 2 6.05734
22 4 3.88968
22 8 2.86261
22 32 1.17741
22 128 0.555729
22 1024 0.225961
23 2 6.05734
23 4 4.29027
23 8 2.21025
23 32 1.22889
23 128 0.585232
23 1024 0.193986
24 2 8.63813
24 4 3.88968
24 8 2.38183
24 32 1.30388
24 128 0.585654
24 1024 0.181551
25 2 6.05734
25 4 3.67304
25 8 2.86261
25 32 1.31962
25 128 0.52173
25 1024 0.202354
26 2 6.05734
26 4 3.55978
26 8 2.28043
26 32 1.09379
26 128 0.548105
26 1024 0.204159
27 2 6.05734
27 4 3.55978
27 8 2.60312
27 32 1.15618
27 128 0.576711
27 1024 0.224519
28 2 6.05734
28 4 3.55978
28 8 2.4471
28 32 1.17038
28 128 0.621336
28 1024 0.197751
29 2 6.05734
29 4 3.55978
29 8 2.51067
29 32 1.22889
29 128 0.596956
29 1024 0.203747
30 2 6.05734
30 4 4.56771
30 8 2.34852
30 32 1.24889
30 128 0.628859
30 1024 0.195458
31 2 6.05734
31 4 3.78291
31 8 2.21025
31 32 1.23893
31 128 0.56237
31 1024 0.208273
32 2 6.05734
32 4 3.55978
32 8 2.31473
32 32 1.12725
32 128 0.596956
32 1024 0.210281
