1 2 6.05734
1 4 9.25099
1 8 2.54186
1 32 1.19482
1 128 0.550358
1 1024 0.199387
2 2 11.4676
2 4 3.78291
2 8 2.51067
2 32 1.20514
2 128 0.577997
2 1024 0.193572
3 2 6.05734
3 4 3.55978
3 8 2.83495
3 32 1.30388
3 128 0.554837
3 1024 0.213384
4 2 6.05734
4 4 3.55978
4 8 3.22502
4 32 1.12725
4 128 0.589026
4 1024 0.216319
5 2 6.05734
5 4 3.67304
5 8 2.34852
5 32 1.15618
5 128 0.718161
5 1024 0.209042
6 2 6.05734
6 4 3.67304
6 8 2.21025
6 32 1.13455
6 128 0.596127
6 1024 0.212828
7 2 6.05734
7 4 3.67304
7 8 2.6924
7 32 1.22552
7 128 0.592796
7 1024 0.203878
8 2 6.05734
8 4 3.55978
8 8 2.51067
8 32 1.08621
8 128 0.654699
8 1024 0.195438
9 2 6.05734
9 4 3.55978
9 8 2.51067
9 32 1.14542
9 128 0.523624
9 1024 0.213653
10 2 6.05734
10 4 3.55978
10 8 2.24561
10 32 1.11621
10 128 0.57714
10 1024 0.224791
11 2 6.05734
11 4 3.88968
11 8 2.47909
11 32 1.18091
11 128 0.583113
11 1024 0.214385
12 2 6.05734
12 4 3.78291
12 8 2.28043
12 32 1.24558
12 128 0.56281
12 1024 0.223871
13 2 6.05734
13 4 3.78291
13 8 2.31473
13 32 1.22889
13 128 0.568063
13 1024 0.194005
14 2 6.05734
14 4 3.99359
14 8 2.47909
14 32 1.25877
14 128 0.467696
14 1024 0.21426
15 2 6.05734
15 4 3.55978
15 8 2.38183
15 32 1.24889
15 128 0.575852
15 1024 0.206152
16 2 6.05734
16 4 3.55978
16 8 2.38183
16 32 1.18091
16 128 0.512154
16 1024 0.220014
17 2 6.05734
17 4 4.29027
17 8 2.41469
17 32 1.17741
17 128 0.645178
17 1024 0.193018
18 2 6.05734
18 4 4.19371
18 8 2.4471
18 32 1.12358
18 128 0.491941
18 1024 0.191727
19 2 6.05734
19 4 3.55978
19 8 2.66297
19 32 1.22889
19 128 0.580134
19 1024 0.215221
20 2 6.05734
20 4 3.78291
20 8 2.38183
20 32 1.19827
20 128 0.52833
20 1024 0.194713
21 2 6.05734
21 4 3.55978
21 8 2.38183
21 32 1.28474
21 128 0.628465
21 1024 0.202977
22 2 6.05734
22 4 3.55978
22 8 2.51067
22 32 1.11621
22 128 0.577997
22 1024 0.215434
23 2 6.05734
23 4 3.55978
23 8 2.66297
23 32 1.21877
23 128 0.56719
23 1024 0.200438
24 2 6.05734
24 4 3.88968
24 8 2.60312
24 32 1.18091
24 128 0.539915
24 1024 0.211802
25 2 6.05734
25 4 3.67304
25 8 2.7215
25 32 1.07858
25 128 0.626493
25 1024 0.221348
26 2 6.05734
26 4 3.99359
26 8 2.24561
26 32 1.20856
26 128 0.529734
26 1024 0.222484
27 2 6.05734
27 4 3.88968
27 8 2.41469
27 32 1.05927
27 128 0.498935
27 1024 0.236342
28 2 6.05734
28 4 4.3847
28 8 2.34852
28 32 1.13091
28 128 0.547653
28 1024 0.182035
29 2 6.05734
29 4 4.29027
29 8 2.63322
29 32 1.06703
29 128 0.668911
29 1024 0.246473
30 2 6.05734
30 4 3.55978
30 8 2.31473
30 32 1.1199
30 128 0.553497
30 1024 0.216989
31 2 6.05734
31 4 3.88968
31 8 2.47909
31 32 1.12358
31 128 0.551706
31 1024 0.194537
32 2 6.05734
32 4 3.78291
32 8 2.51067
32 32 1.02761
32 128 0.640172
32 1024 0.213992
