1 2 6.05734
1 4 3.67304
1 8 2.4471
1 32 1.15975
1 128 0.572403
1 1024 0.203597
2 2 6.05734
2 4 3.67304
2 8 2.34852
2 32 1.21877
2 128 0.657716
2 1024 0.194713
3 2 6.05734
3 4 3.55978
3 8 2.86261
3 32 1.18441
3 128 0.570671
3 1024 0.234394
4 2 6.05734
4 4 3.78291
4 8 2.47909
4 32 1.14902
4 128 0.612105
4 1024 0.200438
5 2 6.05734
5 4 3.55978
5 8 2.4471
5 32 1.23893
5 128 0.625703
5 1024 0.204271
6 2 6.05734
6 4 3.55978
6 8 2.21025
6 32 1.29115
6 128 0.574561
6 1024 0.18843
7 2 7.46018
7 4 3.55978
7 8 2.91714
7 32 1.22889
7 128 0.614527
7 1024 0.206744
8 2 6.05734
8 4 3.55978
8 8 2.47909
8 32 1.1125
8 128 0.578425
8 1024 0.222656
9 2 6.05734
9 4 3.55978
9 8 2.28043
9 32 1.1739
9 128 0.622927
9 1024 0.207206
10 2 6.05734
10 4 3.55978
10 8 2.21025
10 32 1.22215
10 128 0.650146
10 1024 0.217411
11 2 6.05734
11 4 3.55978
11 8 2.51067
11 32 1.25548
11 128 0.639785
11 1024 0.206597
12 2 6.05734
12 4 3.78291
12 8 2.4471
12 32 1.12725
12 128 0.583113
12 1024 0.238387
13 2 6.05734
13 4 3.55978
13 8 2.47909
13 32 1.10505
13 128 0.576711
13 1024 0.216777
14 2 6.05734
14 4 3.55978
14 8 2.34852
14 32 1.24889
14 128 0.575852
14 1024 0.203315
15 2 6.05734
15 4 3.55978
15 8 2.28043
15 32 1.16684
15 128 0.536235
15 1024 0.191807
16 2 6.05734
16 4 3.55978
16 8 2.60312
16 32 1.09
16 128 0.584385
16 1024 0.218586
17 2 6.05734
17 4 3.88968
17 8 2.7503
17 32 1.08621
17 128 0.56588
17 1024 0.198849
18 2 6.05734
18 4 3.55978
18 8 2.31473
18 32 1.15975
18 128 0.54448
18 1024 0.217517
19 2 6.05734
19 4 3.55978
19 8 2.47909
19 32 1.10131
19 128 0.605192
19 1024 0.232084
20 2 6.05734
20 4 3.55978
20 8 2.57267
20 32 1.21197
20 128 0.545842
20 1024 0.202977
21 2 6.05734
21 4 3.55978
21 8 2.38183
21 32 1.17038
21 128 0.608048
21 1024 0.23524
22 2 7.02377
22 4 3.88968
22 8 2.63322
22 32 1.15618
22 128 0.605601
22 1024 0.224536
23 2 6.05734
23 4 3.55978
23 8 2.31473
23 32 1.22215
23 128 0.536235
23 1024 0.194752
24 2 6.05734
24 4 3.55978
24 8 2.21025
24 32 1.0824
24 128 0.589446
24 1024 0.192384
25 2 6.05734
25 4 3.67304
25 8 2.41469
25 32 1.21877
25 128 0.566754
25 1024 0.185343
26 2 6.05734
26 4 3.55978
26 8 2.6924
26 32 1.1526
26 128 0.531599
26 1024 0.202751
27 2 6.05734
27 4 3.67304
27 8 2.54186
27 32 1.28152
27 128 0.605601
27 1024 0.203428
28 2 6.05734
28 4 3.67304
28 8 2.54186
28 32 1.1526
28 128 0.607233
28 1024 0.202354
29 2 6.05734
29 4 3.67304
29 8 2.31473
29 32 1.27506
29 128 0.59488
29 1024 0.227242
30 2 6.05734
30 4 3.55978
30 8 2.89
30 32 1.1199
30 128 0.506322
30 1024 0.215806
31 2 7.02377
31 4 3.55978
31 8 2.38183
31 32 1.20856
31 128 0.573699
31 1024 0.215292
32 2 6.05734
32 4 3.55978
32 8 2.34852
32 32 1.15618
32 128 0.656587
32 1024 0.19717
