1 2 6.05734
1 4 3.55978
1 8 2.28043
1 32 1.1526
1 128 0.57413
1 1024 0.218043
2 2 6.05734
2 4 3.55978
2 8 2.28043
2 32 1.18441
2 128 0.57413
2 1024 0.207648
3 2 6.05734
3 4 3.78291
3 8 2.4471
3 32 1.15618
3 128 0.623722
3 1024 0.207703
4 2 6.05734
4 4 3.55978
4 8 2.31473
4 32 1.2783
4 128 0.579708
4 1024 0.208713
5 2 6.05734
5 4 3.67304
5 8 2.31473
5 32 1.18091
5 128 0.563249
5 1024 0.171663
6 2 6.05734
6 4 3.67304
6 8 2.47909
6 32 1.21538
6 128 0.538078
6 1024 0.174248
7 2 7.02377
7 4 3.55978
7 8 2.4471
7 32 1.0709
7 128 0.616939
7 1024 0.210554
8 2 6.05734
8 4 3.88968
8 8 2.4471
8 32 1.27182
8 128 0.616537
8 1024 0.191827
9 2 6.05734
9 4 3.55978
9 8 2.51067
9 32 1.13455
9 128 0.531134
9 1024 0.19487
10 2 6.05734
10 4 3.55978
10 8 2.4471
10 32 1.23224
10 128 0.548105
10 1024 0.203616
11 2 8.26416
11 4 3.55978
11 8 2.41469
11 32 1.15975
11 128 0.583113
11 1024 0.196588
12 2 6.05734
12 4 3.55978
12 8 2.31473
12 32 1.1125
12 128 0.583113
12 1024 0.191847
13 2 6.05734
13 4 3.55978
13 8 2.24561
13 32 1.22889
13 128 0.580561
13 1024 0.210463
14 2 6.05734
14 4 3.67304
14 8 2.38183
14 32 1.12358
14 128 0.557507
14 1024 0.213992
15 2 6.05734
15 4 4.09487
15 8 2.7215
15 32 1.19136
15 128 0.553944
15 1024 0.201104
16 2 6.05734
16 4 3.55978
16 8 2.28043
16 32 1.22552
16 128 0.557951
16 1024 0.202845
17 2 6.05734
17 4 3.88968
17 8 2.41469
17 32 1.29434
17 128 0.563689
17 1024 0.217235
18 2 6.05734
18 4 3.55978
18 8 2.60312
18 32 1.29115
18 128 0.654321
18 1024 0.191088
19 2 6.05734
19 4 3.55978
19 8 2.60312
19 32 1.32897
19 128 0.601088
19 1024 0.192006
20 2 6.05734
20 4 3.99359
20 8 2.6924
20 32 1.25548
20 128 0.487899
20 1024 0.209353
21 2 6.05734
21 4 3.55978
21 8 2.57267
21 32 1.13091
21 128 0.590285
21 1024 0.201768
22 2 6.05734
22 4 3.99359
22 8 2.28043
22 32 1.01954
22 128 0.576282
22 1024 0.198465
23 2 6.05734
23 4 3.55978
23 8 2.34852
23 32 1.31649
23 128 0.574992
23 1024 0.234753
24 2 6.05734
24 4 3.67304
24 8 2.24561
24 32 1.08621
24 128 0.568063
24 1024 0.248649
25 2 6.05734
25 4 3.67304
25 8 2.31473
25 32 1.25219
25 128 0.697885
25 1024 0.210172
26 2 6.05734
26 4 3.55978
26 8 2.34852
26 32 1.3102
26 128 0.552602
26 1024 0.203465
27 2 6.05734
27 4 3.55978
27 8 2.4471
27 32 1.20171
27 128 0.623722
27 1024 0.220985
28 2 6.05734
28 4 3.55978
28 8 2.54186
28 32 1.07475
28 128 0.621336
28 1024 0.213653
29 2 6.05734
29 4 3.78291
29 8 2.38183
29 32 1.17038
29 128 0.535774
29 1024 0.217552
30 2 6.05734
30 4 3.55978
30 8 2.34852
30 32 1.17038
30 128 0.570237
30 1024 0.195712
31 2 6.05734
31 4 3.55978
31 8 2.38183
31 32 1.18091
31 128 0.631216
31 1024 0.204832
32 2 6.05734
32 4 3.55978
32 8 2.83495
32 32 1.22552
32 128 0.614124
32 1024 0.20948
