1 2 7.46018
1 4 3.67304
1 8 2.94402
1 32 1.2783
1 128 0.600676
1 1024 0.204346
2 2 6.05734
2 4 3.55978
2 8 2.63322
2 32 1.09379
2 128 0.584385
2 1024 0.210063
3 2 6.05734
3 4 3.55978
3 8 2.4471
3 32 1.20514
3 128 0.59363
3 1024 0.184599
4 2 6.05734
4 4 3.55978
4 8 2.4471
4 32 1.12725
4 128 0.62014
4 1024 0.218323
5 2 6.05734
5 4 3.55978
5 8 2.34852
5 32 1.20856
5 128 0.587343
5 1024 0.205149
6 2 6.05734
6 4 3.55978
6 8 2.31473
6 32 1.13455
6 128 0.583113
6 1024 0.206929
7 2 6.05734
7 4 3.55978
7 8 2.4471
7 32 1.14902
7 128 0.578853
7 1024 0.20959
8 2 6.05734
8 4 3.55978
8 8 2.47909
8 32 1.10878
8 128 0.564566
8 1024 0.197306
9 2 6.05734
9 4 3.88968
9 8 2.4471
9 32 1.22889
9 128 0.585232
9 1024 0.211025
10 2 6.05734
10 4 3.88968
10 8 2.34852
10 32 1.20171
10 128 0.62014
10 1024 0.216301
11 2 6.05734
11 4 3.55978
11 8 2.47909
11 32 1.25219
11 128 0.574992
11 1024 0.201275
12 2 6.05734
12 4 3.55978
12 8 2.51067
12 32 1.28474
12 128 0.581413
12 1024 0.188207
13 2 6.05734
13 4 3.55978
13 8 2.4471
13 32 1.19827
13 128 0.644411
13 1024 0.204533
14 2 6.05734
14 4 3.67304
14 8 2.60312
14 32 1.25877
14 128 0.570671
14 1024 0.216389
15 2 6.05734
15 4 3.67304
15 8 2.24561
15 32 1.20171
15 128 0.627677
15 1024 0.216601
16 2 6.05734
16 4 3.88968
16 8 2.38183
16 32 1.18789
16 128 0.599026
16 1024 0.216213
17 2 6.05734
17 4 3.78291
17 8 2.66297
17 32 1.20514
17 128 0.525041
17 1024 0.202505
18 2 6.05734
18 4 3.55978
18 8 2.38183
18 32 1.32897
18 128 0.581838
18 1024 0.215096
19 2 6.05734
19 4 3.99359
19 8 2.41469
19 32 1.19136
19 128 0.584385
19 1024 0.213742
20 2 6.05734
20 4 4.56771
20 8 2.41469
20 32 1.1526
20 128 0.565004
20 1024 0.200285
21 2 6.05734
21 4 3.67304
21 8 2.7215
21 32 1.1125
21 128 0.627283
21 1024 0.194183
22 2 6.05734
22 4 3.55978
22 8 2.41469
22 32 1.33207
22 128 0.59196
22 1024 0.207519
23 2 6.05734
23 4 3.55978
23 8 2.60312
23 32 1.24226
23 128 0.618941
23 1024 0.222947
24 2 6.05734
24 4 3.55978
24 8 2.31473
24 32 1.1199
24 128 0.589446
24 1024 0.228634
25 2 6.05734
25 4 3.99359
25 8 2.60312
25 32 1.14181
25 128 0.565442
25 1024 0.187413
26 2 6.05734
26 4 3.88968
26 8 2.66297
26 32 1.14902
26 128 0.583113
26 1024 0.211802
27 2 6.05734
27 4 3.55978
27 8 2.47909
27 32 1.15975
27 128 0.550358
27 1024 0.211459
28 2 6.05734
28 4 3.55978
28 8 2.80702
28 32 1.36575
28 128 0.586921
28 1024 0.210209
29 2 6.05734
29 4 3.55978
29 8 2.60312
29 32 1.22552
29 128 0.57928
29 1024 0.219266
30 2 6.05734
30 4 3.55978
30 8 2.47909
30 32 1.1739
30 128 0.547201
30 1024 0.185816
31 2 6.05734
31 4 3.55978
31 8 2.51067
31 32 1.17741
31 128 0.549908
31 1024 0.208731
32 2 6.05734
32 4 3.55978
32 8 2.38183
32 32 1.17741
32 128 0.552154
32 1024 0.188369
