1 2 6.05734
1 4 17.885
1 8 2.34852
1 32 9.2699
1 128 0.586077
1 1024 0.222982
2 2 6.05734
2 4 3.55978
2 8 2.77881
2 32 1.21877
2 128 0.587343
2 1024 0.211802
3 2 6.05734
3 4 3.78291
3 8 2.34852
3 32 1.29753
3 128 0.608862
3 1024 0.187617
4 2 6.05734
4 4 3.55978
4 8 2.24561
4 32 1.14902
4 128 0.572835
4 1024 0.200247
5 2 6.05734
5 4 3.55978
5 8 2.66297
5 32 1.38377
5 128 0.500421
5 1024 0.193414
6 2 6.05734
6 4 3.55978
6 8 2.4471
6 32 1.1739
6 128 0.614929
6 1024 0.208969
7 2 6.05734
7 4 4.47714
7 8 3.34495
7 32 1.19482
7 128 0.546296
7 1024 0.210136
8 2 6.05734
8 4 3.55978
8 8 2.54186
8 32 1.04356
8 128 0.612509
8 1024 0.211242
9 2 6.05734
9 4 4.09487
9 8 2.66297
9 32 1.0709
9 128 0.552154
9 1024 0.223973
10 2 6.05734
10 4 3.67304
10 8 2.6924
10 32 1.14181
10 128 0.611701
10 1024 0.197015
11 2 6.05734
11 4 3.55978
11 8 2.51067
11 32 1.14181
11 128 0.622132
11 1024 0.176254
12 2 6.05734
12 4 3.67304
12 8 2.28043
12 32 1.25219
12 128 0.598613
12 1024 0.17427
13 2 6.05734
13 4 3.55978
13 8 2.41469
13 32 1.13091
13 128 0.652806
13 1024 0.202279
14 2 6.55838
14 4 3.67304
14 8 2.47909
14 32 1.25548
14 128 0.623325
14 1024 0.165844
15 2 6.05734
15 4 3.55978
15 8 2.34852
15 32 1.19482
15 128 0.592796
15 1024 0.201408
16 2 6.05734
16 4 3.78291
16 8 2.21025
16 32 1.38078
16 128 0.678098
16 1024 0.228031
17 2 7.02377
17 4 3.78291
17 8 2.28043
17 32 1.1739
17 128 0.655077
17 1024 0.223888
18 2 7.02377
18 4 3.55978
18 8 2.4471
18 32 1.07475
18 128 0.522678
18 1024 0.213867
19 2 6.05734
19 4 3.78291
19 8 2.60312
19 32 1.22552
19 128 0.590285
19 1024 0.185569
20 2 6.05734
20 4 3.55978
20 8 2.28043
20 32 1.22552
20 128 0.597785
20 1024 0.189945
21 2 6.05734
21 4 3.88968
21 8 2.28043
21 32 1.12725
21 128 0.552602
21 1024 0.205725
22 2 6.55838
22 4 3.67304
22 8 2.4471
22 32 1.20171
22 128 0.610486
22 1024 0.198926
23 2 6.05734
23 4 3.67304
23 8 2.86261
23 32 1.2783
23 128 0.568498
23 1024 0.206948
24 2 7.46018
24 4 3.55978
24 8 2.57267
24 32 1.17038
24 128 0.582689
24 1024 0.224808
25 2 6.05734
25 4 3.55978
25 8 2.34852
25 32 1.1199
25 128 0.596127
25 1024 0.220465
26 2 6.05734
26 4 3.55978
26 8 2.24561
26 32 1.28474
26 128 0.547201
26 1024 0.213921
27 2 6.05734
27 4 3.67304
27 8 2.38183
27 32 1.07475
27 128 0.606009
27 1024 0.249937
28 2 6.05734
28 4 3.88968
28 8 3.41488
28 32 1.29753
28 128 0.653942
28 1024 0.226923
29 2 6.05734
29 4 3.55978
29 8 2.54186
29 32 1.21538
29 128 0.629646
29 1024 0.22171
30 2 6.05734
30 4 3.67304
30 8 2.38183
30 32 1.07858
30 128 0.644411
30 1024 0.193295
31 2 6.05734
31 4 3.88968
31 8 2.21025
31 32 1.04356
31 128 0.588605
31 1024 0.222982
32 2 6.05734
32 4 3.55978
32 8 2.6924
32 32 1.17741
32 128 0.542659
32 1024 0.201617
