1 2 6.05734
1 4 4.09487
1 8 2.7503
1 32 1.0709
1 128 0.630824
1 1024 0.198638
2 2 6.55838
2 4 3.55978
2 8 2.31473
2 32 1.11621
2 128 0.595711
2 1024 0.199712
3 2 6.05734
3 4 3.55978
3 8 2.21025
3 32 1.28474
3 128 0.548556
3 1024 0.175385
4 2 6.05734
4 4 3.78291
4 8 2.38183
4 32 1.06316
4 128 0.596542
4 1024 0.202203
5 2 6.05734
5 4 3.55978
5 8 2.41469
5 32 1.15975
5 128 0.555283
5 1024 0.221917
6 2 6.05734
6 4 3.78291
6 8 2.24561
6 32 1.15975
6 128 0.581413
6 1024 0.210336
7 2 6.05734
7 4 3.55978
7 8 2.4471
7 32 1.22889
7 128 0.563249
7 1024 0.194438
8 2 6.05734
8 4 3.55978
8 8 2.34852
8 32 1.21877
8 128 0.549007
8 1024 0.191308
9 2 6.05734
9 4 4.47714
9 8 2.24561
9 32 1.26204
9 128 0.525983
9 1024 0.196141
10 2 6.05734
10 4 3.55978
10 8 2.4471
10 32 1.31649
10 128 0.583538
10 1024 0.223084
11 2 6.05734
11 4 3.88968
11 8 2.77881
11 32 1.02761
11 128 0.59488
11 1024 0.201711
12 2 6.05734
12 4 3.55978
12 8 2.34852
12 32 1.19136
12 128 0.55928
12 1024 0.200743
13 2 6.05734
13 4 3.55978
13 8 2.24561
13 32 1.30704
13 128 0.54357
13 1024 0.217552
14 2 6.05734
14 4 3.67304
14 8 2.54186
14 32 1.29115
14 128 0.543115
14 1024 0.190547
15 2 6.05734
15 4 3.55978
15 8 2.24561
15 32 1.12725
15 128 0.618141
15 1024 0.212361
16 2 6.05734
16 4 3.67304
16 8 2.41469
16 32 1.1739
16 128 0.598199
16 1024 0.195907
17 2 6.05734
17 4 3.67304
17 8 2.6924
17 32 1.18091
17 128 0.545842
17 1024 0.215203
18 2 6.05734
18 4 3.55978
18 8 2.89
18 32 1.13091
18 128 0.550808
18 1024 0.207095
19 2 6.05734
19 4 4.19371
19 8 2.41469
19 32 1.21197
19 128 0.622927
19 1024 0.208034
20 2 6.05734
20 4 3.55978
20 8 2.63322
20 32 1.19827
20 128 0.627283
20 1024 0.215806
21 2 6.05734
21 4 3.67304
21 8 2.7215
21 32 1.24558
21 128 0.596542
21 1024 0.204944
22 2 6.05734
22 4 3.99359
22 8 2.57267
22 32 1.18441
22 128 0.533459
22 1024 0.220985
23 2 6.05734
23 4 3.67304
23 8 2.7215
23 32 1.20856
23 128 0.587764
23 1024 0.197112
24 2 6.05734
24 4 3.67304
24 8 2.51067
24 32 1.07475
24 128 0.607233
24 1024 0.217183
25 2 6.05734
25 4 3.67304
25 8 2.7503
25 32 1.37479
25 128 0.548105
25 1024 0.220708
26 2 6.05734
26 4 4.19371
26 8 2.41469
26 32 1.20514
26 128 0.523152
26 1024 0.203108
27 2 6.05734
27 4 3.55978
27 8 2.6924
27 32 1.19136
27 128 0.620938
27 1024 0.218848
28 2 6.05734
28 4 3.55978
28 8 2.38183
28 32 1.51754
28 128 0.518399
28 1024 0.213885
29 2 6.05734
29 4 3.88968
29 8 2.47909
29 32 1.0824
29 128 0.578425
29 1024 0.20739
30 2 6.55838
30 4 3.78291
30 8 2.41469
30 32 1.1125
30 128 0.552602
30 1024 0.216619
31 2 6.05734
31 4 3.55978
31 8 2.60312
31 32 1.34748
31 128 0.545842
31 1024 0.198388
32 2 6.05734
32 4 4.09487
32 8 2.63322
32 32 1.1199
32 128 0.558395
32 1024 0.202619
