1 2 6.05734
1 4 3.55978
1 8 2.54186
1 32 1.04751
1 128 0.600676
1 1024 0.220327
2 2 6.05734
2 4 3.88968
2 8 2.41469
2 32 1.04751
2 128 0.603964
2 1024 0.228015
3 2 6.05734
3 4 3.67304
3 8 2.54186
3 32 1.09379
3 128 0.590285
3 1024 0.186432
4 2 6.05734
4 4 3.67304
4 8 2.6924
4 32 1.11621
4 128 0.647858
4 1024 0.236746
5 2 6.05734
5 4 3.55978
5 8 2.4471
5 32 1.1633
5 128 0.555283
5 1024 0.203634
6 2 6.05734
6 4 3.67304
6 8 2.41469
6 32 1.14181
6 128 0.639785
6 1024 0.22995
7 2 6.05734
7 4 4.82924
7 8 2.41469
7 32 1.32586
7 128 0.611296
7 1024 0.183561
8 2 6.05734
8 4 3.55978
8 8 2.4471
8 32 1.11621
8 128 0.572403
8 1024 0.205577
9 2 6.05734
9 4 3.55978
9 8 2.28043
9 32 1.22552
9 128 0.609674
9 1024 0.208053
10 2 6.05734
10 4 3.55978
10 8 2.63322
10 32 1.09379
10 128 0.630039
10 1024 0.20156
11 2 6.05734
11 4 3.55978
11 8 2.31473
11 32 1.24226
11 128 0.537158
11 1024 0.195184
12 2 6.05734
12 4 3.67304
12 8 2.51067
12 32 1.01141
12 128 0.541746
12 1024 0.210717
13 2 6.05734
13 4 3.67304
13 8 2.21025
13 32 1.05927
13 128 0.572403
13 1024 0.203071
14 2 6.05734
14 4 3.88968
14 8 2.38183
14 32 0.999088
14 128 0.649003
14 1024 0.225588
15 2 6.05734
15 4 3.67304
15 8 2.54186
15 32 1.02761
15 128 0.524569
15 1024 0.213635
16 2 6.05734
16 4 3.55978
16 8 2.31473
16 32 1.16684
16 128 0.593213
16 1024 0.22741
17 2 6.05734
17 4 3.67304
17 8 2.47909
17 32 1.43071
17 128 0.613317
17 1024 0.186842
18 2 6.05734
18 4 3.55978
18 8 2.47909
18 32 1.1633
18 128 0.608862
18 1024 0.198407
19 2 6.05734
19 4 3.55978
19 8 2.38183
19 32 1.18789
19 128 0.587764
19 1024 0.185528
20 2 6.05734
20 4 3.55978
20 8 2.38183
20 32 1.21197
20 128 0.664828
20 1024 0.214883
21 2 6.05734
21 4 3.67304
21 8 2.54186
21 32 1.10131
21 128 0.586499
21 1024 0.235289
22 2 6.05734
22 4 3.99359
22 8 2.54186
22 32 1.02358
22 128 0.549458
22 1024 0.184992
23 2 6.05734
23 4 3.67304
23 8 2.6924
23 32 1.3102
23 128 0.594463
23 1024 0.201161
24 2 6.05734
24 4 3.55978
24 8 2.51067
24 32 1.21877
24 128 0.634736
24 1024 0.191528
25 2 6.05734
25 4 3.99359
25 8 2.51067
25 32 1.13091
25 128 0.547653
25 1024 0.20339
26 2 6.05734
26 4 3.55978
26 8 2.24561
26 32 1.15975
26 128 0.62014
26 1024 0.21426
27 2 6.05734
27 4 3.55978
27 8 2.41469
27 32 1.09379
27 128 0.618941
27 1024 0.214313
28 2 6.05734
28 4 3.55978
28 8 2.24561
28 32 1.23224
28 128 0.612105
28 1024 0.223136
29 2 6.55838
29 4 3.55978
29 8 2.24561
29 32 1.19136
29 128 0.536697
29 1024 0.21079
30 2 7.02377
30 4 3.67304
30 8 2.34852
30 32 1.04356
30 128 0.588605
30 1024 0.208823
31 2 6.05734
31 4 3.55978
31 8 2.38183
31 32 1.0824
31 128 0.628072
31 1024 0.190407
32 2 6.05734
32 4 3.55978
32 8 2.66297
32 32 1.18441
32 128 0.570237
32 1024 0.204047
