1 2 17.743
1 4 3.55978
1 8 2.31473
1 32 1.21538
1 128 0.565442
1 1024 0.199731
2 2 6.05734
2 4 3.78291
2 8 2.41469
2 32 1.10505
2 128 0.596542
2 1024 0.197558
3 2 6.05734
3 4 3.55978
3 8 2.31473
3 32 1.0824
3 128 0.627283
3 1024 0.192959
4 2 6.05734
4 4 3.55978
4 8 2.57267
4 32 1.06703
4 128 0.580134
4 1024 0.222278
5 2 6.05734
5 4 3.55978
5 8 2.34852
5 32 1.2783
5 128 0.635904
5 1024 0.182098
6 2 6.05734
6 4 3.67304
6 8 2.54186
6 32 1.13091
6 128 0.585654
6 1024 0.217042
7 2 6.05734
7 4 4.09487
7 8 2.24561
7 32 1.15975
7 128 0.642487
7 1024 0.204683
8 2 6.05734
8 4 3.99359
8 8 2.83495
8 32 1.24558
8 128 0.566317
8 1024 0.23797
9 2 6.05734
9 4 3.67304
9 8 2.24561
9 32 1.26204
9 128 0.524569
9 1024 0.195809
10 2 6.05734
10 4 3.78291
10 8 3.0492
10 32 1.26857
10 128 0.607233
10 1024 0.188126
11 2 6.05734
11 4 3.78291
11 8 2.4471
11 32 1.21197
11 128 0.602733
11 1024 0.192225
12 2 6.05734
12 4 3.55978
12 8 2.41469
12 32 1.20856
12 128 0.64133
12 1024 0.19577
13 2 6.05734
13 4 3.55978
13 8 2.54186
13 32 1.27182
13 128 0.561048
13 1024 0.192145
14 2 6.05734
14 4 3.55978
14 8 2.54186
14 32 1.1526
14 128 0.563249
14 1024 0.223427
15 2 6.05734
15 4 3.55978
15 8 2.38183
15 32 1.18091
15 128 0.583113
15 1024 0.211242
16 2 6.05734
16 4 3.88968
16 8 2.57267
16 32 1.3536
16 128 0.607641
16 1024 0.205595
17 2 6.05734
17 4 4.996
17 8 2.34852
17 32 1.24558
17 128 0.520781
17 1024 0.17798
18 2 6.05734
18 4 3.55978
18 8 2.41469
18 32 1.13818
18 128 0.548105
18 1024 0.201673
19 2 6.05734
19 4 3.55978
19 8 2.47909
19 32 1.18091
19 128 0.587764
19 1024 0.205316
20 2 6.05734
20 4 3.67304
20 8 2.47909
20 32 1.34442
20 128 0.613721
20 1024 0.208951
21 2 6.05734
21 4 3.55978
21 8 2.6924
21 32 1.18091
21 128 0.541746
21 1024 0.185652
22 2 6.05734
22 4 3.55978
22 8 2.60312
22 32 1.19482
22 128 0.622927
22 1024 0.208914
23 2 6.05734
23 4 4.19371
23 8 2.51067
23 32 1.20171
23 128 0.647858
23 1024 0.219928
24 2 6.05734
24 4 3.55978
24 8 2.34852
24 32 1.19482
24 128 0.587343
24 1024 0.206763
25 2 6.05734
25 4 4.19371
25 8 2.34852
25 32 1.10878
25 128 0.557507
25 1024 0.192364
26 2 6.05734
26 4 3.88968
26 8 2.57267
26 32 1.19827
26 128 0.57714
26 1024 0.204888
27 2 6.05734
27 4 4.09487
27 8 2.41469
27 32 1.18441
27 128 0.550808
27 1024 0.212756
28 2 6.05734
28 4 4.29027
28 8 2.63322
28 32 1.14181
28 128 0.510217
28 1024 0.206781
29 2 6.05734
29 4 3.55978
29 8 2.47909
29 32 1.10878
29 128 0.601088
29 1024 0.186186
30 2 6.05734
30 4 3.55978
30 8 2.63322
30 32 1.10505
30 128 0.591542
30 1024 0.203146
31 2 6.05734
31 4 3.88968
31 8 2.24561
31 32 1.09
31 128 0.576711
31 1024 0.205707
32 2 6.05734
32 4 4.09487
32 8 2.41469
32 32 1.12725
32 128 0.626888
32 1024 0.222054
