1 2 17.743
1 4 3.67304
1 8 12.9306
1 32 1.20171
1 128 0.614124
1 1024 0.188268
2 2 6.55838
2 4 4.09487
2 8 2.41469
2 32 1.11621
2 128 0.623722
2 1024 0.215965
3 2 6.05734
3 4 3.88968
3 8 2.41469
3 32 1.33826
3 128 0.604374
3 1024 0.215221
4 2 6.05734
4 4 3.55978
4 8 2.47909
4 32 1.3536
4 128 0.572403
4 1024 0.199348
5 2 6.05734
5 4 3.55978
5 8 2.21025
5 32 1.17038
5 128 0.579708
5 1024 0.203146
6 2 6.05734
6 4 3.55978
6 8 2.6924
6 32 1.1633
6 128 0.518399
6 1024 0.21904
7 2 6.05734
7 4 3.55978
7 8 2.54186
7 32 1.17038
7 128 0.545389
7 1024 0.212181
8 2 6.05734
8 4 3.78291
8 8 2.38183
8 32 1.09379
8 128 0.602322
8 1024 0.192542
9 2 6.05734
9 4 3.78291
9 8 2.31473
9 32 1.26204
9 128 0.555283
9 1024 0.21538
10 2 6.05734
10 4 3.55978
10 8 2.38183
10 32 1.41036
10 128 0.592796
10 1024 0.216725
11 2 6.05734
11 4 3.55978
11 8 2.83495
11 32 1.32586
11 128 0.56237
11 1024 0.182077
12 2 6.05734
12 4 3.55978
12 8 2.4471
12 32 1.07475
12 128 0.661095
12 1024 0.193532
13 2 6.05734
13 4 3.88968
13 8 2.31473
13 32 1.20514
13 128 0.666316
13 1024 0.2253
14 2 6.05734
14 4 3.55978
14 8 2.31473
14 32 1.14181
14 128 0.557507
14 1024 0.183894
15 2 6.05734
15 4 3.67304
15 8 2.38183
15 32 1.09755
15 128 0.575852
15 1024 0.206356
16 2 6.05734
16 4 3.99359
16 8 2.31473
16 32 1.20171
16 128 0.603144
16 1024 0.21164
17 2 6.05734
17 4 3.78291
17 8 2.31473
17 32 1.06703
17 128 0.688602
17 1024 0.185754
18 2 6.05734
18 4 3.55978
18 8 2.47909
18 32 1.23559
18 128 0.574992
18 1024 0.178281
19 2 6.05734
19 4 3.78291
19 8 2.41469
19 32 1.0709
19 128 0.591542
19 1024 0.211387
20 2 6.05734
20 4 3.99359
20 8 2.41469
20 32 1.18091
20 128 0.595296
20 1024 0.224502
21 2 6.05734
21 4 3.78291
21 8 2.54186
21 32 1.10505
21 128 0.55928
21 1024 0.216848
22 2 6.05734
22 4 3.78291
22 8 2.60312
22 32 1.07858
22 128 0.555729
22 1024 0.216936
23 2 6.05734
23 4 3.55978
23 8 2.51067
23 32 1.25548
23 128 0.629253
23 1024 0.183269
24 2 6.05734
24 4 3.99359
24 8 2.47909
24 32 1.14902
24 128 0.612913
24 1024 0.222639
25 2 6.05734
25 4 3.55978
25 8 2.31473
25 32 1.23559
25 128 0.525512
25 1024 0.202165
26 2 6.05734
26 4 3.67304
26 8 2.38183
26 32 1.26531
26 128 0.569803
26 1024 0.182203
27 2 6.05734
27 4 4.19371
27 8 2.31473
27 32 1.20171
27 128 0.563249
27 1024 0.195086
28 2 6.05734
28 4 3.78291
28 8 2.4471
28 32 1.21877
28 128 0.640944
28 1024 0.208658
29 2 6.05734
29 4 3.55978
29 8 2.38183
29 32 1.12358
29 128 0.510702
29 1024 0.225724
30 2 6.05734
30 4 3.99359
30 8 2.41469
30 32 1.15618
30 128 0.653942
30 1024 0.214972
31 2 6.05734
31 4 4.47714
31 8 2.38183
31 32 1.22889
31 128 0.614929
31 1024 0.19577
32 2 6.05734
32 4 3.67304
32 8 2.54186
32 32 1.29115
32 128 0.576282
32 1024 0.222553
