1 2 6.05734
1 4 3.55978
1 8 2.21025
1 32 1.29434
1 128 0.596956
1 1024 0.246736
2 2 6.05734
2 4 3.88968
2 8 2.38183
2 32 1.17038
2 128 0.607233
2 1024 0.203447
3 2 6.05734
3 4 3.67304
3 8 2.54186
3 32 1.19482
3 128 0.661469
3 1024 0.192304
4 2 6.05734
4 4 3.55978
4 8 2.47909
4 32 1.20514
4 128 0.539915
4 1024 0.202505
5 2 6.05734
5 4 3.55978
5 8 2.31473
5 32 1.26204
5 128 0.512637
5 1024 0.192721
6 2 6.05734
6 4 4.65652
6 8 2.66297
6 32 1.10878
6 128 0.609674
6 1024 0.183603
7 2 6.05734
7 4 3.78291
7 8 2.34852
7 32 1.25219
7 128 0.569368
7 1024 0.175363
8 2 6.05734
8 4 3.67304
8 8 2.47909
8 32 1.24226
8 128 0.566754
8 1024 0.196199
9 2 6.05734
9 4 3.55978
9 8 2.54186
9 32 1.28474
9 128 0.606009
9 1024 0.231193
10 2 6.05734
10 4 4.09487
10 8 2.47909
10 32 1.31335
10 128 0.568498
10 1024 0.224723
11 2 6.05734
11 4 3.55978
11 8 2.38183
11 32 1.0824
11 128 0.610486
11 1024 0.195223
12 2 7.46018
12 4 3.67304
12 8 2.31473
12 32 1.22215
12 128 0.545842
12 1024 0.231557
13 2 6.05734
13 4 3.67304
13 8 2.31473
13 32 1.29115
13 128 0.598613
13 1024 0.198715
14 2 6.05734
14 4 3.88968
14 8 2.60312
14 32 1.29753
14 128 0.522678
14 1024 0.212163
15 2 6.05734
15 4 3.55978
15 8 2.60312
15 32 1.12358
15 128 0.621734
15 1024 0.208016
16 2 6.05734
16 4 3.78291
16 8 2.28043
16 32 1.03959
16 128 0.535774
16 1024 0.22024
17 2 6.05734
17 4 4.3847
17 8 2.51067
17 32 1.12725
17 128 0.57928
17 1024 0.218271
18 2 6.05734
18 4 4.3847
18 8 2.38183
18 32 1.07475
18 128 0.553497
18 1024 0.215522
19 2 6.05734
19 4 3.55978
19 8 2.28043
19 32 1.05927
19 128 0.644411
19 1024 0.212019
20 2 7.02377
20 4 3.55978
20 8 2.7503
20 32 1.30388
20 128 0.609674
20 1024 0.188693
21 2 6.05734
21 4 3.55978
21 8 2.34852
21 32 1.20856
21 128 0.658093
21 1024 0.215061
22 2 6.05734
22 4 3.55978
22 8 2.31473
22 32 1.09379
22 128 0.596127
22 1024 0.205298
23 2 7.02377
23 4 4.09487
23 8 2.38183
23 32 1.20514
23 128 0.565442
23 1024 0.194831
24 2 6.05734
24 4 3.55978
24 8 2.31473
24 32 1.2783
24 128 0.619341
24 1024 0.220673
25 2 6.05734
25 4 3.55978
25 8 2.54186
25 32 1.15618
25 128 0.721599
25 1024 0.195672
26 2 6.05734
26 4 3.78291
26 8 2.54186
26 32 1.20171
26 128 0.555283
26 1024 0.203465
27 2 6.05734
27 4 3.55978
27 8 2.4471
27 32 1.26857
27 128 0.64133
27 1024 0.221606
28 2 6.05734
28 4 3.55978
28 8 2.21025
28 32 1.15618
28 128 0.565004
28 1024 0.200476
29 2 6.05734
29 4 3.55978
29 8 2.6924
29 32 1.16684
29 128 0.604783
29 1024 0.237536
30 2 6.05734
30 4 3.67304
30 8 2.28043
30 32 1.13455
30 128 0.645562
30 1024 0.202468
31 2 6.05734
31 4 3.55978
31 8 2.34852
31 32 1.05536
31 128 0.589866
31 1024 0.20526
32 2 6.05734
32 4 4.91333
32 8 2.57267
32 32 1.30071
32 128 0.620938
32 1024 0.197925
